image_width: 640
image_height: 480
camera_name: narrow_stereo
camera_matrix:
  rows: 3
  cols: 3
  data: [484.359519, 0.000000, 343.604186, 0.000000, 488.274451, 168.186663, 0.000000, 0.000000, 1.000000]
distortion_model: plumb_bob
distortion_coefficients:
  rows: 1
  cols: 5
  data: [0.309780, -0.226002, -0.061246, 0.034138, 0.000000]
rectification_matrix:
  rows: 3
  cols: 3
  data: [1.000000, 0.000000, 0.000000, 0.000000, 1.000000, 0.000000, 0.000000, 0.000000, 1.000000]
projection_matrix:
  rows: 3
  cols: 4
  data: [538.511353, 0.000000, 359.361521, 0.000000, 0.000000, 521.423096, 146.254825, 0.000000, 0.000000, 0.000000, 1.000000, 0.000000]
